H     0 
S   20   1.00
  13739.0854166734           1.0000000
   7016.36109438299          1.0000000
   3583.15866840946          1.0000000
   1829.86962476550          1.0000000
    934.489134729210         1.0000000
    477.230689612032         1.0000000
    243.715119463182         1.0000000
    124.461944187287         1.0000000
     63.5609952513411        1.0000000
     32.4597220758638        1.0000000
     16.5767315800501        1.0000000
      8.46550778330153       1.0000000
      4.32321786011102       1.0000000
      2.20780762884063       1.0000000
      1.12749685157938       1.0000000
      0.575797063890464      1.0000000
      0.294051604951678      1.0000000
      0.150168091845475      1.0000000
      7.668876968794858D-002 1.0000000
      3.916389509898707D-002 1.0000000