H     0
S    12   1.00
      0.5381780160D+04       0.1012686299D-04
      0.9139887390D+03       0.7169476206D-04
      0.2020220330D+03       0.4090344007D-03
      0.5529293400D+02       0.1775146749D-02
      0.1792053700D+02       0.6303908266D-02
      0.6611010000D+01       0.1916649659D-01
      0.2682085000D+01       0.5121491647D-01
      0.1162104000D+01       0.1213171629D+00
      0.5249190000D+00       0.2420085149D+00
      0.2425210000D+00       0.3592427208D+00
      0.1130260000D+00       0.2831494728D+00
      0.5267100000D-01       0.6030267546D-01
