H     0
S   23   1.00
      7.7717777442D+04       1.0
      4.0227250055D+04       1.0
      2.0821898159D+04       1.0
      1.0777556068D+04       1.0
      5.5785363042D+03       1.0
      2.8874883230D+03       1.0
      1.4945835898D+03       1.0
      7.7360662870D+02       1.0
      4.0042405125D+02       1.0
      2.0726221166D+02       1.0
      1.0728033006D+02       1.0
      5.5529028305D+01       1.0
      2.8742202627D+01       1.0
      1.4877159516D+01       1.0
      7.7005189246D+00       1.0
      3.9858409560D+00       1.0
      2.0630983811D+00       1.0
      1.0678737503D+00       1.0
      5.5273871431D-01       1.0
      2.8610131694D-01       1.0
      1.4808798703D-01       1.0
      7.6651349030D-02       1.0
      3.9675259458D-02       1.0